[Connection]
IPAddress = 0.0.0.0
Port = 1230

[Sensors]
IPAddress = 0.0.0.0
Port = 1235

[GPS]
SerialDevice = /dev/ttyS1
Baudrate = 115200
SerialTimeout = 3

[IMU]
GyroThreshold = 0.2

V_x = 32.6307
V_y = -191.903
V_z = -76.6921
SoftIronMatrix = [1.00319 -0.0115745 0.0117461; -0.0115745 1.07328 0.00716213; 0.0117461 0.00716213 1.12289]

AHRSAlgo=Madgwick

[Pins]
DriveADirectionPin = 85
DriveBDirectionPin = 86
VideoTxPwrPin = 33
CalibrationIndicatorPin = 32

PWM_A = 0
PWM_B = 1

[ADC]
VoltageChannel = 0
CurrentChannel = 1

[VoltageSensor]
VoltageScale = 3.593
CurrentScale = -0.37
CurrentOffset = 2

[RotationPID]
Kp = 2.0e-2            
Ki = 2.1e-2       
Kd = 0.9e-3                                                                     
                       
Timeout = 10                                                                    
Precession = 1.0            
DeadZone = -0.37 0.4   
